0 121 356 663 528 339 326 283 584 389 
121 0 239 778 557 453 435 357 579 437 
356 239 0 1018 732 693 635 512 711 539 
663 778 1018 0 623 324 525 685 778 800 
528 557 732 623 0 464 722 776 155 900 
339 453 693 324 464 0 297 418 595 547 
326 435 635 525 722 297 0 167 826 274 
283 357 512 685 776 418 167 0 854 130 
584 579 711 778 155 595 826 854 0 971 
389 437 539 800 900 547 274 130 971 0 
