0 590 632 943 358 1027 768 837 749 221 
590 0 585 410 459 438 428 647 414 411 
632 585 0 972 818 891 1000 1191 985 655 
943 410 972 0 681 252 312 532 319 729 
358 459 818 681 0 835 439 479 421 174 
1027 438 891 252 835 0 545 778 547 836 
768 428 1000 312 439 545 0 243 19 548 
837 647 1191 532 479 778 243 0 248 637 
749 414 985 319 421 547 19 248 0 528 
221 411 655 729 174 836 548 637 528 0 
