0 950 460 605 492 321 673 237 228 710 360 655 512 542 246 909 666 496 593 322 136 777 936 424 819 617 304 97 644 467 318 523 626 438 612 278 497 467 306 444 800 508 260 291 73 463 387 801 264 265 78 342 203 907 423 837 492 760 169 598 397 804 757 585 423 610 256 655 395 571 250 705 587 631 462 348 718 489 613 126 893 702 498 310 100 522 225 264 413 792 632 488 763 494 414 925 804 315 41 551 
950 0 547 444 801 642 853 1114 921 283 650 359 1154 419 737 115 908 1007 360 743 919 493 624 996 264 977 780 881 486 1225 1000 925 908 932 919 1009 591 1260 954 1245 719 473 890 1129 1023 873 1160 285 717 901 915 1172 1108 578 537 165 1260 885 916 613 1079 246 566 955 1146 567 1055 417 883 461 955 515 591 661 647 603 843 722 520 963 676 763 1020 1017 943 888 854 1111 846 435 322 494 755 1257 836 24 450 1115 908 509 
460 547 0 410 298 270 760 677 377 271 108 203 848 263 216 547 789 749 204 427 489 616 810 458 525 802 232 371 194 862 646 712 765 401 763 632 96 880 607 859 766 297 343 714 530 639 783 517 197 542 403 765 654 766 236 489 894 835 381 544 741 355 644 769 795 520 652 194 605 383 409 568 518 605 453 162 784 542 173 435 808 724 759 654 495 687 312 689 313 595 235 59 761 894 304 523 615 719 421 409 
605 444 410 0 702 289 434 713 673 375 455 395 710 150 476 358 483 562 266 324 531 208 400 823 228 540 573 569 522 790 570 481 476 780 484 586 504 828 525 816 371 119 659 716 673 429 731 206 460 480 600 753 718 358 210 286 824 487 642 184 642 458 235 515 710 141 640 463 442 34 712 159 157 243 206 328 438 278 529 665 399 363 575 589 564 445 608 701 698 199 273 358 381 821 690 425 216 694 566 67 
492 801 298 702 0 494 1004 729 285 519 257 443 986 559 308 824 1022 927 494 632 590 910 1103 216 820 1012 199 399 325 958 780 916 992 145 985 749 218 960 751 937 1043 585 243 783 538 843 878 814 308 691 414 835 692 1060 508 774 984 1086 333 816 870 569 933 978 907 799 743 386 792 673 289 858 792 874 705 397 1036 783 287 395 1096 986 933 779 574 899 267 757 90 892 521 355 1031 986 84 779 912 806 471 692 
321 642 270 289 494 0 510 474 393 437 241 403 586 224 208 591 531 479 304 157 277 479 658 564 498 534 321 279 457 618 393 443 503 534 499 388 357 644 350 626 562 186 386 495 392 370 544 480 198 287 311 542 466 622 105 518 652 591 356 336 485 537 477 501 545 330 423 434 335 254 432 412 315 388 212 109 541 289 442 376 632 493 489 405 301 419 332 474 461 484 340 258 542 650 456 618 499 488 281 244 
673 853 760 434 1004 510 0 626 853 805 751 814 425 554 706 748 59 277 683 382 541 381 400 1047 594 158 822 702 920 555 424 185 83 1030 104 467 855 606 402 606 209 491 862 589 709 217 537 571 701 415 718 598 657 405 525 688 583 86 800 250 431 892 308 158 487 294 531 873 286 436 889 339 277 193 306 613 50 221 917 787 324 101 288 446 582 165 808 591 965 437 699 727 151 578 960 838 430 546 654 388 
237 1114 677 713 729 474 626 0 454 904 585 858 326 695 473 1055 598 377 776 389 197 842 967 637 941 519 541 333 867 243 202 445 557 662 538 159 725 234 227 210 799 645 491 63 196 412 171 920 488 243 315 109 45 949 578 981 263 706 398 643 229 1002 803 495 223 671 94 869 347 684 468 770 643 654 525 539 676 509 839 342 908 686 373 180 181 460 461 43 647 872 812 694 751 266 649 1091 880 106 266 649 
228 921 377 673 285 393 853 454 0 649 271 579 740 564 198 909 856 712 565 474 352 872 1051 200 854 822 148 156 520 692 542 725 820 210 808 504 368 688 524 665 945 557 43 513 258 658 614 841 217 473 153 562 414 1016 463 843 715 940 59 724 624 729 870 788 651 723 484 554 595 638 38 806 706 770 592 351 894 646 483 112 1023 862 716 536 324 717 68 486 197 872 601 427 918 718 201 897 888 542 220 636 
710 283 271 375 519 437 805 904 649 0 379 76 1010 258 478 312 850 882 136 574 707 533 715 713 354 893 503 630 215 1054 828 819 837 648 842 826 307 1081 784 1063 738 326 615 930 783 754 981 359 457 722 663 978 889 666 343 276 1088 862 651 557 917 100 588 864 979 516 860 141 743 369 680 515 529 618 528 365 812 619 244 702 740 738 894 841 724 786 584 908 563 490 108 226 754 1087 553 260 510 926 669 416 
360 650 108 455 257 241 751 585 271 379 0 312 784 321 114 642 773 702 296 389 407 663 854 374 603 771 132 268 283 784 579 677 744 326 739 558 140 798 543 777 786 336 240 628 428 604 705 593 97 478 298 679 560 813 252 579 815 832 273 559 673 463 680 737 722 543 570 298 560 423 304 607 535 617 449 140 781 530 254 327 842 729 710 584 407 656 205 602 242 651 332 155 774 816 234 626 669 638 323 438 
655 359 203 395 443 403 814 858 579 76 312 0 987 260 416 385 855 867 131 551 664 572 760 637 413 890 432 570 147 1021 797 810 839 572 842 791 231 1046 754 1027 766 324 544 889 727 743 946 415 396 691 603 938 841 712 321 344 1055 876 585 570 888 151 621 859 948 533 821 74 724 383 610 546 542 633 524 319 826 616 172 638 778 754 878 809 677 780 516 866 487 534 124 166 776 1054 477 336 555 887 614 427 
512 1154 848 710 986 586 425 326 740 1010 784 987 0 760 688 1068 375 158 874 436 396 759 822 936 927 274 787 592 1040 139 207 256 342 949 321 237 922 190 241 198 632 695 769 265 502 285 164 903 696 306 588 240 372 820 667 997 162 482 681 567 116 1109 697 267 105 610 260 1020 271 692 763 696 581 546 506 687 472 436 1021 636 749 517 145 207 417 291 727 284 915 806 904 843 575 155 915 1133 805 220 522 644 
542 419 263 150 559 224 554 695 564 258 321 260 760 0 365 367 595 626 129 330 500 353 547 695 290 635 447 485 375 816 589 561 581 647 585 594 355 847 543 831 518 67 543 711 614 497 747 277 347 486 519 755 690 503 119 295 850 617 542 311 673 354 385 606 738 277 637 321 489 128 602 309 283 374 270 213 566 360 380 577 549 496 639 604 526 528 496 692 562 333 149 209 522 848 553 395 352 699 500 168 
246 737 216 476 308 208 706 473 198 478 114 416 688 365 0 716 719 620 377 327 301 678 862 355 656 704 116 155 397 678 481 608 687 327 679 456 252 690 449 668 770 359 182 517 315 536 598 642 20 387 187 569 446 825 266 649 708 790 180 544 574 567 682 670 619 537 463 410 483 442 237 615 524 596 419 152 741 487 367 225 840 699 627 484 296 592 131 491 259 676 415 251 750 709 255 713 692 530 209 444 
909 115 547 358 824 591 748 1055 909 312 642 385 1068 367 716 0 804 917 345 673 863 380 509 1005 154 878 774 849 527 1148 926 831 807 945 819 939 607 1185 881 1172 606 410 881 1065 982 785 1087 177 696 831 883 1105 1054 463 487 74 1182 775 896 515 1000 311 455 857 1068 469 989 454 801 381 944 408 494 558 564 571 735 632 557 937 561 656 931 945 891 795 841 1048 858 322 311 490 644 1179 848 111 337 1047 868 425 
666 908 789 483 1022 531 59 598 856 850 773 855 375 595 719 804 0 234 725 392 531 440 457 1053 651 103 836 702 955 509 396 153 41 1040 60 442 883 560 380 561 265 530 868 557 696 202 497 627 716 402 716 562 632 463 557 743 536 109 802 299 392 939 367 110 444 344 504 911 271 482 890 396 325 246 337 637 98 247 950 784 379 161 244 417 571 144 814 561 978 496 742 759 207 530 974 892 489 512 650 433 
496 1007 749 562 927 479 277 377 712 882 702 867 158 626 620 917 234 0 747 322 361 600 667 913 773 143 729 556 936 279 185 98 196 913 175 232 832 329 189 329 479 560 733 329 508 133 262 749 623 239 561 329 415 663 546 848 308 344 653 410 158 980 538 124 210 454 287 908 144 546 741 538 426 387 362 587 326 285 922 621 595 362 13 202 395 132 685 337 867 648 775 736 423 303 865 987 647 283 492 498 
593 360 204 266 494 304 683 776 565 136 296 131 874 129 377 345 725 747 0 439 579 453 644 662 325 763 428 521 258 919 693 686 710 604 713 692 277 947 648 930 637 195 536 799 667 620 847 321 356 587 555 847 764 597 208 285 953 745 556 439 781 235 496 733 844 402 728 196 607 252 600 420 411 502 397 245 695 488 270 602 656 623 759 706 598 654 497 778 517 420 38 145 646 952 508 336 441 793 552 296 
322 743 427 324 632 157 382 389 474 574 389 551 436 330 327 673 392 322 439 0 216 465 614 665 553 382 443 327 614 485 258 288 360 648 353 266 513 517 212 502 480 270 480 392 377 215 417 531 324 158 348 432 396 588 231 599 519 467 423 277 343 674 437 348 407 294 316 587 177 295 510 392 268 309 144 265 420 173 599 419 571 389 332 274 255 267 426 376 586 488 470 414 448 517 581 721 498 373 293 260 
136 919 489 531 590 277 541 197 352 707 407 664 396 500 301 863 531 361 579 216 0 681 826 552 756 480 392 198 683 377 192 387 491 557 476 159 548 391 172 370 679 453 376 225 170 328 297 735 312 129 199 275 190 802 382 789 408 627 292 490 280 806 652 448 319 510 163 679 259 499 379 608 484 515 360 345 587 370 658 260 778 576 364 189 41 386 332 201 519 704 615 502 639 408 519 895 714 230 131 470 
777 493 616 208 910 479 381 842 872 533 663 572 759 353 678 380 440 600 453 465 681 0 193 1029 228 528 779 755 710 865 668 504 452 988 468 696 709 910 627 902 226 327 861 831 839 479 821 208 663 599 784 860 856 149 415 332 898 397 836 201 719 596 75 514 786 172 758 645 520 239 911 73 199 213 321 533 361 340 723 852 206 283 614 690 719 468 808 821 906 58 448 562 264 893 898 482 48 800 742 235 
936 624 810 400 1103 658 400 967 1051 715 854 760 822 547 862 509 457 667 644 614 826 193 0 1216 377 558 967 926 901 945 776 569 483 1177 503 811 903 994 741 990 191 518 1044 945 992 568 914 364 848 727 953 965 987 48 603 481 975 373 1012 338 808 768 181 556 871 329 876 833 624 430 1090 248 349 313 473 721 359 460 914 1022 80 304 679 799 867 538 990 939 1096 225 637 756 249 970 1088 619 204 908 904 419 
424 996 458 823 216 564 1047 637 200 713 374 637 936 695 355 1005 1053 913 662 665 552 1029 1216 0 977 1021 250 356 534 879 741 925 1017 71 1006 702 405 871 724 847 1125 704 185 699 442 857 803 967 367 674 352 746 594 1177 614 947 900 1133 259 900 821 774 1037 988 844 893 677 590 795 790 173 968 880 951 772 495 1086 834 496 300 1195 1049 916 734 522 916 239 673 150 1022 693 516 1103 903 160 972 1039 731 420 797 
819 264 525 228 820 498 594 941 854 354 603 413 927 290 656 154 651 773 325 553 756 228 377 977 0 727 733 772 560 1014 797 684 655 924 667 814 603 1054 752 1042 455 311 833 944 890 641 957 24 637 708 805 982 944 329 401 106 1048 621 833 365 866 394 302 707 934 320 869 487 664 257 892 254 347 406 430 504 581 490 582 865 420 501 786 817 788 647 786 929 837 171 303 466 490 1045 828 253 188 922 779 294 
617 977 802 540 1012 534 158 519 822 893 771 890 274 635 704 878 103 143 763 382 480 528 558 1021 727 0 819 665 978 409 322 96 76 1015 60 369 891 460 316 463 367 568 838 473 638 168 403 703 704 351 675 472 556 563 578 813 435 208 765 364 301 986 457 34 348 410 427 940 226 533 853 476 386 321 366 643 201 274 969 739 482 257 150 341 518 115 787 480 960 581 785 778 309 429 957 960 576 426 607 483 
304 780 232 573 199 321 822 541 148 503 132 432 787 447 116 774 836 729 428 443 392 779 967 250 733 819 0 208 373 763 581 722 803 212 795 551 220 769 552 746 883 454 111 593 359 650 683 722 123 492 228 644 507 927 364 712 791 906 168 656 671 582 789 785 710 646 547 406 596 540 177 719 634 710 534 246 857 604 337 231 948 814 735 580 378 707 92 566 142 772 463 286 864 792 138 755 789 612 277 548 
97 881 371 569 399 279 702 333 156 630 268 570 592 485 155 849 702 556 521 327 198 755 926 356 772 665 208 0 550 558 390 569 665 359 653 355 402 561 369 538 806 462 178 385 160 503 478 755 175 317 33 436 301 894 371 779 584 788 99 591 476 722 745 632 509 596 343 565 439 534 188 686 576 632 456 278 744 500 519 97 891 717 560 386 176 562 135 358 324 763 559 404 775 586 324 856 778 406 71 522 
644 486 194 522 325 457 920 867 520 215 283 147 1040 375 397 527 955 936 258 614 683 710 901 534 560 978 373 550 0 1056 840 892 935 465 935 826 152 1074 800 1053 893 432 478 907 711 820 977 561 380 735 580 958 843 853 400 490 1088 988 539 685 934 246 754 946 988 653 845 73 791 504 543 678 657 748 618 353 937 710 38 600 914 870 946 848 687 864 464 881 386 676 264 200 898 1088 377 465 696 913 607 542 
467 1225 862 790 958 618 555 243 692 1054 784 1021 139 816 678 1148 509 279 919 485 377 865 945 879 1014 409 763 558 1056 0 227 376 473 902 452 230 925 51 272 59 758 754 726 180 437 386 80 990 690 331 545 136 288 939 711 1075 34 617 634 666 148 1154 808 399 79 705 216 1046 350 767 709 798 676 654 584 708 604 529 1033 582 874 641 267 212 385 407 691 206 880 907 952 867 702 32 881 1203 909 151 487 722 
318 1000 646 570 780 393 424 202 542 828 579 797 207 589 481 926 396 185 693 258 192 668 776 741 797 322 581 390 840 227 0 243 355 749 336 46 717 260 45 246 602 528 568 169 324 212 161 774 489 106 389 192 235 762 484 852 261 503 483 466 94 928 620 295 151 500 107 825 152 545 568 597 471 467 366 488 474 327 820 444 713 487 184 23 218 258 524 167 711 704 725 647 552 259 710 978 709 132 321 503 
523 925 712 481 916 443 185 445 725 819 677 810 256 561 608 831 153 98 686 288 387 504 569 925 684 96 722 569 892 376 243 0 112 918 93 288 800 425 229 423 382 493 742 405 548 73 352 660 608 258 579 413 478 565 494 763 406 261 669 319 245 915 441 63 304 364 351 858 130 469 758 444 337 291 291 552 235 204 881 645 498 265 111 264 425 36 690 408 863 553 710 691 327 401 860 906 551 361 512 419 
626 908 765 476 992 503 83 557 820 837 744 839 342 581 687 807 41 196 710 360 491 452 483 1017 655 76 803 665 935 473 355 112 0 1005 21 400 857 524 339 524 292 514 832 516 656 163 458 631 684 362 678 522 590 486 535 744 500 149 764 295 352 928 381 74 406 341 463 893 231 472 853 402 319 248 317 610 131 225 928 745 408 181 206 376 531 104 779 520 945 506 729 737 234 495 942 892 501 472 612 422 
438 932 401 780 145 534 1030 662 210 648 326 572 949 647 327 945 1040 913 604 648 557 988 1177 71 924 1015 212 359 465 902 749 918 1005 0 996 712 341 897 728 873 1096 661 180 722 466 848 824 915 335 674 361 771 621 1137 573 889 924 1115 268 869 833 707 1000 981 861 859 694 523 789 748 194 929 847 922 746 456 1066 813 427 320 1161 1026 918 744 532 906 228 696 87 977 635 459 1076 927 96 908 995 752 427 759 
612 919 763 484 985 499 104 538 808 842 739 842 321 585 679 819 60 175 713 353 476 468 503 1006 667 60 795 653 935 452 336 93 21 996 0 382 854 503 322 503 312 518 822 497 640 150 437 643 677 347 665 501 572 506 535 755 479 169 753 305 332 934 397 53 385 352 444 895 217 478 842 416 329 261 318 607 152 226 928 732 428 200 185 357 516 91 769 501 937 521 734 737 255 474 934 902 516 452 599 429 
278 1009 632 586 749 388 467 159 504 826 558 791 237 594 456 939 442 232 692 266 159 696 811 702 814 369 551 355 826 230 46 288 400 712 382 0 698 255 70 238 641 536 532 135 279 253 155 792 466 108 351 167 190 796 485 865 263 548 445 495 121 926 651 342 163 526 65 815 189 560 528 625 498 501 387 477 517 357 804 403 751 527 230 32 180 302 489 128 678 730 726 636 592 262 678 987 736 107 285 520 
497 591 96 504 218 357 855 725 368 307 140 231 922 355 252 607 883 832 277 513 548 709 903 405 603 891 220 402 152 925 717 800 857 341 854 698 0 939 680 918 862 393 328 768 562 727 845 598 237 615 430 820 698 858 332 555 956 931 387 641 811 371 739 858 862 616 711 189 688 478 393 663 614 702 548 248 879 636 118 447 903 820 841 723 547 776 312 743 255 685 302 146 858 956 245 567 705 778 461 505 
467 1260 880 828 960 644 606 234 688 1081 798 1046 190 847 690 1185 560 329 947 517 391 910 994 871 1054 460 769 561 1074 51 260 425 524 897 503 255 939 0 305 24 808 788 725 176 430 432 100 1030 702 361 546 126 277 987 740 1112 37 668 632 711 190 1181 855 450 124 749 228 1067 392 804 703 842 719 701 623 729 655 573 1049 577 924 691 318 243 394 456 693 203 880 951 981 888 752 43 882 1238 954 161 491 761 
306 954 607 525 751 350 402 227 524 784 543 754 241 543 449 881 380 189 648 212 172 627 741 724 752 316 552 369 800 272 45 229 339 728 322 70 680 305 0 291 572 483 547 204 322 186 206 729 456 65 372 232 255 726 440 807 306 485 465 426 134 884 582 286 195 459 134 783 119 500 552 556 430 431 322 447 452 288 781 432 681 459 192 64 205 238 501 198 686 663 681 605 523 304 685 932 668 172 304 458 
444 1245 859 816 937 626 606 210 665 1063 777 1027 198 831 668 1172 561 329 930 502 370 902 990 847 1042 463 746 538 1053 59 246 423 524 873 503 238 918 24 291 0 806 773 701 153 406 426 85 1019 680 345 523 102 253 983 723 1099 58 670 609 702 183 1163 848 451 119 739 207 1047 383 791 679 834 710 694 611 710 655 564 1028 553 921 689 318 228 371 452 670 180 856 943 964 869 751 63 858 1223 946 140 468 749 
800 719 766 371 1043 562 209 799 945 738 786 766 632 518 770 606 265 479 637 480 679 226 191 1125 455 367 883 806 893 758 602 382 292 1096 312 641 862 808 572 806 0 469 945 772 849 390 733 434 760 567 829 788 824 200 536 559 788 188 899 227 626 810 154 366 686 246 706 834 452 389 983 222 251 175 353 646 168 310 899 900 116 117 491 625 720 354 890 769 1021 283 642 720 57 782 1015 708 269 732 773 357 
508 473 297 119 585 186 491 645 557 326 336 324 695 67 359 410 530 560 195 270 453 327 518 704 311 568 454 462 432 754 528 493 514 661 518 536 393 788 483 773 469 0 541 657 579 429 688 294 342 428 494 699 643 476 93 336 789 556 529 253 611 421 347 538 676 224 582 382 424 87 596 272 226 316 202 209 505 293 433 556 511 438 572 545 482 460 491 639 578 318 217 251 468 787 570 450 335 642 468 112 
260 890 343 659 243 386 862 491 43 615 240 544 769 543 182 881 868 733 536 480 376 861 1044 185 833 838 111 178 478 726 568 742 832 180 822 532 328 725 547 701 945 541 0 548 297 673 647 820 199 494 182 599 452 1007 448 817 751 948 92 721 653 692 863 805 683 717 516 515 612 625 65 797 702 770 591 333 901 650 442 152 1019 866 738 563 352 732 55 522 156 859 572 395 920 753 160 865 875 575 247 626 
291 1129 714 716 783 495 589 63 513 930 628 889 265 711 517 1065 557 329 799 392 225 831 945 699 944 473 593 385 907 180 169 405 516 722 497 135 768 176 204 153 772 657 548 0 257 381 107 922 531 236 369 52 109 930 597 991 202 666 456 630 175 1030 786 450 160 661 75 905 321 688 529 759 632 635 520 570 640 492 880 402 883 656 323 146 221 424 516 26 703 865 835 727 721 205 705 1106 871 47 315 650 
73 1023 530 673 538 392 709 196 258 783 428 727 502 614 315 982 696 508 667 377 170 839 992 442 890 638 359 160 711 437 324 548 656 466 640 279 562 430 322 406 849 579 297 257 0 494 361 871 333 294 132 305 155 966 495 909 459 795 205 654 390 877 815 608 405 670 241 725 425 639 272 766 646 683 521 422 756 539 679 146 946 746 508 311 128 552 273 231 454 857 705 560 809 462 456 999 868 290 115 617 
463 873 639 429 843 370 217 412 658 754 604 743 285 497 536 785 202 133 620 215 328 479 568 857 641 168 650 503 820 386 212 73 163 848 150 253 727 432 186 426 390 429 673 381 494 0 347 617 535 200 515 398 441 557 424 714 419 301 602 283 242 851 422 134 308 324 318 788 69 413 691 413 296 268 230 479 266 152 809 582 503 275 146 235 368 59 620 379 792 523 646 620 339 414 789 854 524 341 449 364 
387 1160 783 731 878 544 537 171 614 981 705 946 164 747 598 1087 497 262 847 417 297 821 914 803 957 403 683 478 977 80 161 352 458 824 437 155 845 100 206 85 733 688 647 107 361 347 0 934 610 261 466 76 217 905 640 1013 110 606 556 620 107 1081 768 387 60 656 135 969 301 706 631 751 627 614 526 631 587 481 954 504 847 616 253 143 305 379 612 131 800 860 881 790 679 110 801 1138 863 72 407 664 
801 285 517 206 814 480 571 920 841 359 593 415 903 277 642 177 627 749 321 531 735 208 364 967 24 703 722 755 561 990 774 660 631 915 643 792 598 1030 729 1019 434 294 820 922 871 617 934 0 624 686 788 959 923 316 384 124 1025 599 818 341 842 404 281 683 910 296 846 489 640 236 879 231 323 382 407 490 558 466 582 849 403 479 762 794 768 623 773 907 829 152 301 459 469 1021 820 274 170 900 761 272 
264 717 197 460 308 198 701 488 217 457 97 396 696 347 20 696 716 623 356 324 312 663 848 367 637 704 123 175 380 690 489 608 684 335 677 466 237 702 456 680 760 342 199 531 333 535 610 624 0 392 207 582 462 810 250 629 720 784 200 533 583 547 669 670 629 525 475 391 485 426 255 601 512 586 410 134 735 481 351 246 828 691 630 492 310 591 149 505 264 660 394 231 741 720 259 692 677 542 226 430 
265 901 542 480 691 287 415 243 473 722 478 691 306 486 387 831 402 239 587 158 129 599 727 674 708 351 492 317 735 331 106 258 362 674 347 108 615 361 65 345 567 428 494 236 294 200 261 686 392 0 324 274 260 707 379 757 366 501 415 400 199 822 560 319 257 428 161 719 130 452 504 527 400 414 284 382 463 267 715 388 672 459 244 119 168 258 445 223 628 630 621 541 523 364 626 879 637 215 256 414 
78 915 403 600 414 311 718 315 153 663 298 603 588 519 187 883 716 561 555 348 199 784 953 352 805 675 228 33 580 545 389 579 678 361 665 351 430 546 372 523 829 494 182 369 132 515 466 788 207 324 0 420 279 921 404 812 571 805 93 617 472 754 772 642 501 623 334 597 449 565 180 714 603 656 481 312 761 521 548 70 916 737 564 383 171 574 146 343 334 794 593 437 796 573 335 890 808 394 68 552 
342 1172 765 753 835 542 598 109 562 978 679 938 240 755 569 1105 562 329 847 432 275 860 965 746 982 472 644 436 958 136 192 413 522 771 501 167 820 126 232 102 788 699 599 52 305 398 76 959 582 274 420 0 152 953 642 1031 154 671 506 658 170 1078 812 452 136 691 118 955 343 726 577 789 662 659 554 619 649 519 932 451 901 671 321 169 272 435 567 78 754 895 882 777 735 157 756 1150 901 59 367 687 
203 1108 654 718 692 466 657 45 414 889 560 841 372 690 446 1054 632 415 764 396 190 856 987 594 944 556 507 301 843 288 235 478 590 621 572 190 698 277 255 253 824 643 452 109 155 441 217 923 462 260 279 152 0 967 571 979 306 738 359 659 272 987 819 530 268 684 129 848 374 687 426 783 657 674 536 524 707 527 814 301 931 713 412 215 166 491 425 88 608 883 801 675 777 310 611 1085 892 152 236 655 
907 578 766 358 1060 622 405 949 1016 666 813 712 820 503 825 463 463 663 597 588 802 149 48 1177 329 563 927 894 853 939 762 565 486 1137 506 796 858 987 726 983 200 476 1007 930 966 557 905 316 810 707 921 953 967 0 563 434 970 387 978 311 800 719 150 558 864 297 860 786 610 389 1055 210 320 295 445 681 368 440 868 990 106 305 676 785 842 532 953 924 1055 177 589 712 257 965 1047 573 157 894 875 380 
423 537 236 210 508 105 525 578 463 343 252 321 667 119 266 487 557 546 208 231 382 415 603 614 401 578 364 371 400 711 484 494 535 573 535 485 332 740 440 723 536 93 448 597 495 424 640 384 250 379 404 642 571 563 0 414 745 599 435 311 573 444 427 546 635 291 524 364 403 176 502 355 285 371 219 118 547 310 393 464 589 488 557 498 406 465 397 576 493 410 241 202 527 744 486 513 427 587 382 185 
837 165 489 286 774 518 688 981 843 276 579 344 997 295 649 74 743 848 285 599 789 332 481 947 106 813 712 779 490 1075 852 763 744 889 755 865 555 1112 807 1099 559 336 817 991 909 714 1013 124 629 757 812 1031 979 434 414 0 1110 720 829 449 928 298 405 791 995 403 915 416 729 308 879 350 428 496 492 502 678 563 516 867 526 599 861 871 818 727 775 974 802 276 254 430 592 1107 792 150 293 973 796 353 
492 1260 894 824 984 652 583 263 715 1088 815 1055 162 850 708 1182 536 308 953 519 408 898 975 900 1048 435 791 584 1088 34 261 406 500 924 479 263 956 37 306 58 788 789 751 202 459 419 110 1025 720 366 571 154 306 970 745 1110 0 643 658 700 182 1188 840 426 114 739 245 1079 384 801 731 831 710 687 618 740 631 563 1064 604 904 671 296 246 413 438 717 228 905 941 987 900 731 6 906 1238 943 179 514 757 
760 885 835 487 1086 591 86 706 940 862 832 876 482 617 790 775 109 344 745 467 627 397 373 1133 621 208 906 788 988 617 503 261 149 1115 169 548 931 668 485 670 188 556 948 666 795 301 606 599 784 501 805 671 738 387 599 720 643 0 887 306 501 944 322 219 553 345 611 938 371 494 975 370 334 244 383 692 51 303 987 874 292 124 353 525 668 247 894 669 1049 455 758 799 136 637 1044 871 445 621 741 449 
169 916 381 642 333 356 800 398 59 651 273 585 681 542 180 896 802 653 556 423 292 836 1012 259 833 765 168 99 539 634 483 669 764 268 753 445 387 632 465 609 899 529 92 456 205 602 556 818 200 415 93 506 359 978 435 829 658 887 0 681 565 736 831 731 592 682 425 567 538 607 89 768 664 725 547 329 842 596 504 63 981 813 657 476 264 662 75 430 248 840 594 425 870 661 251 892 855 484 161 601 
598 613 544 184 816 336 250 643 724 557 559 570 567 311 544 515 299 410 439 277 490 201 338 900 365 364 656 591 685 666 466 319 295 869 305 495 641 711 426 702 227 253 721 630 654 283 620 341 533 400 617 658 659 311 311 449 700 306 681 0 520 642 161 342 587 46 557 633 319 188 762 131 28 62 135 419 256 139 687 687 300 184 424 488 530 282 666 621 793 240 452 502 217 696 787 596 243 598 566 143 
397 1079 741 642 870 485 431 229 624 917 673 888 116 673 574 1000 392 158 781 343 280 719 808 821 866 301 671 476 934 148 94 245 352 833 332 121 811 190 134 183 626 611 653 175 390 242 107 842 583 199 472 170 272 800 573 928 182 501 565 520 0 1017 665 282 68 558 150 918 202 619 648 651 529 511 436 581 481 382 914 522 740 509 151 91 301 272 611 187 799 761 813 740 572 179 799 1058 763 127 406 575 
804 246 355 458 569 537 892 1002 729 100 463 151 1109 354 567 311 939 980 235 674 806 596 768 774 394 986 582 722 246 1154 928 915 928 707 934 926 371 1181 884 1163 810 421 692 1030 877 851 1081 404 547 822 754 1078 987 719 444 298 1188 944 736 642 1017 0 657 958 1079 600 960 184 841 457 758 588 615 702 623 463 896 713 282 790 801 820 992 941 822 881 666 1007 624 548 205 317 831 1187 614 228 567 1026 764 506 
757 566 644 235 933 477 308 803 870 588 680 621 697 385 682 455 367 538 496 437 652 75 181 1037 302 457 789 745 754 808 620 441 381 1000 397 651 739 855 582 848 154 347 863 786 815 422 768 281 669 560 772 812 819 150 427 405 840 322 831 161 665 657 0 445 731 148 714 692 469 261 909 76 169 154 294 544 286 294 763 841 163 208 551 642 692 406 809 779 921 133 497 594 188 836 913 555 123 753 724 241 
585 955 769 515 978 501 158 495 788 864 737 859 267 606 670 857 110 124 733 348 448 514 556 988 707 34 785 632 946 399 295 63 74 981 53 342 858 450 286 451 366 538 805 450 608 134 387 683 670 319 642 452 530 558 546 791 426 219 731 342 282 958 445 0 333 388 402 909 193 506 820 459 363 304 336 610 205 245 936 707 481 252 133 315 486 82 753 456 926 566 755 746 308 420 923 937 562 405 574 456 
423 1146 795 710 907 545 487 223 651 979 722 948 105 738 619 1068 444 210 844 407 319 786 871 844 934 348 710 509 988 79 151 304 406 861 385 163 862 124 195 119 686 676 683 160 405 308 60 910 629 257 501 136 268 864 635 995 114 553 592 587 68 1079 731 333 0 626 167 976 270 687 671 719 597 577 504 638 536 450 967 544 802 569 200 140 333 333 644 180 833 828 876 797 631 111 833 1124 830 117 438 643 
610 567 520 141 799 330 294 671 723 516 543 533 610 277 537 469 344 454 402 294 510 172 329 893 320 410 646 596 653 705 500 364 341 859 352 526 616 749 459 739 246 224 717 661 670 324 656 296 525 428 623 691 684 297 291 403 739 345 682 46 558 600 148 388 626 0 587 598 356 150 762 99 29 101 149 404 296 176 656 693 302 222 467 522 549 327 663 651 781 204 413 475 245 735 774 550 209 632 577 111 
256 1055 652 640 743 423 531 94 484 860 570 821 260 637 463 989 504 287 728 316 163 758 876 677 869 427 547 343 845 216 107 351 463 694 444 65 711 228 134 207 706 582 516 75 241 318 135 846 475 161 334 118 129 860 524 915 245 611 425 557 150 960 714 402 167 587 0 840 254 612 504 686 558 565 445 503 581 420 821 377 816 592 283 86 169 366 478 64 667 790 763 662 657 246 667 1032 797 67 272 575 
655 417 194 463 386 434 873 869 554 141 298 74 1020 321 410 454 911 908 196 587 679 645 833 590 487 940 406 565 73 1046 825 858 893 523 895 815 189 1067 783 1047 834 382 515 905 725 788 969 489 391 719 597 955 848 786 364 416 1079 938 567 633 918 184 692 909 976 598 840 0 764 448 581 616 605 696 576 338 887 668 103 624 850 818 919 835 687 828 494 880 440 608 196 178 842 1078 430 395 629 907 616 489 
395 883 605 442 792 335 286 347 595 743 560 724 271 489 483 801 271 144 607 177 259 520 624 795 664 226 596 439 791 350 152 130 231 789 217 189 688 392 119 383 452 424 612 321 425 69 301 640 485 130 449 343 374 610 403 729 384 371 538 319 202 841 469 193 270 356 254 764 0 422 627 450 327 316 236 442 335 180 777 515 562 339 155 175 299 127 560 317 736 559 636 591 404 381 733 863 562 284 382 376 
571 461 383 34 673 254 436 684 638 369 423 383 692 128 442 381 482 546 252 295 499 239 430 790 257 533 540 534 504 767 545 469 472 748 478 560 478 804 500 791 389 87 625 688 639 413 706 236 426 452 565 726 687 389 176 308 801 494 607 188 619 457 261 506 687 150 612 448 422 0 677 185 160 250 185 294 444 265 509 630 425 371 560 564 532 434 573 672 666 233 264 333 394 798 658 441 250 667 532 50 
250 955 409 712 289 432 889 468 38 680 304 610 763 602 237 944 890 741 600 510 379 911 1090 173 892 853 177 188 543 709 568 758 853 194 842 528 393 703 552 679 983 596 65 529 272 691 631 879 255 504 180 577 426 1055 502 879 731 975 89 762 648 758 909 820 671 762 504 581 627 677 0 845 745 808 630 389 930 683 506 127 1062 899 744 561 349 751 105 503 199 911 636 460 956 734 204 930 927 560 248 675 
705 515 568 159 858 412 339 770 806 515 607 546 696 309 615 408 396 538 420 392 608 73 248 968 254 476 719 686 678 798 597 444 402 929 416 625 663 842 556 834 222 272 797 759 766 413 751 231 601 527 714 789 783 210 355 350 831 370 768 131 651 588 76 459 719 99 686 616 450 185 845 0 127 155 248 473 327 270 687 783 240 248 552 619 646 408 743 749 848 109 421 517 245 827 841 501 111 729 670 170 
587 591 518 157 792 315 277 643 706 529 535 542 581 283 524 494 325 426 411 268 484 199 349 880 347 386 634 576 657 676 471 337 319 847 329 498 614 719 430 710 251 226 702 632 646 296 627 323 512 400 603 662 657 320 285 428 710 334 664 28 529 615 169 363 597 29 558 605 327 160 745 127 0 90 124 395 284 147 659 673 317 212 439 493 523 300 647 622 771 233 424 475 243 706 764 573 238 603 555 115 
631 661 605 243 874 388 193 654 770 618 617 633 546 374 596 558 246 387 502 309 515 213 313 951 406 321 710 632 748 654 467 291 248 922 261 501 702 701 431 694 175 316 770 635 683 268 614 382 586 414 656 659 674 295 371 496 687 244 725 62 511 702 154 304 577 101 565 696 316 250 808 155 90 0 178 476 194 147 750 727 262 121 400 490 556 255 715 629 848 262 514 564 156 682 842 645 260 600 602 206 
462 647 453 206 705 212 306 525 592 528 449 524 506 270 419 564 337 362 397 144 360 321 473 772 430 366 534 456 618 584 366 291 317 746 318 387 548 623 322 611 353 202 591 520 521 230 526 407 410 284 481 554 536 445 219 492 618 383 547 135 436 623 294 336 504 149 445 576 236 185 630 248 124 178 0 309 332 92 612 552 435 281 375 387 399 258 536 507 674 347 419 421 330 615 668 627 355 494 431 139 
348 603 162 328 397 109 613 539 351 365 140 319 687 213 152 571 637 587 245 265 345 533 721 495 504 643 246 278 353 708 488 552 610 456 607 477 248 729 447 710 646 209 333 570 422 479 631 490 134 382 312 619 524 681 118 502 740 692 329 419 581 463 544 610 638 404 503 338 442 294 389 473 395 476 309 0 641 392 335 365 705 589 596 497 358 528 283 547 376 527 283 159 633 740 369 578 544 570 306 302 
718 843 784 438 1036 541 50 676 894 812 781 826 472 566 741 735 98 326 695 420 587 361 359 1086 581 201 857 744 937 604 474 235 131 1066 152 517 879 655 452 655 168 505 901 640 756 266 587 558 735 463 761 649 707 368 547 678 631 51 842 256 481 896 286 205 536 296 581 887 335 444 930 327 284 194 332 641 0 253 936 831 281 79 337 496 628 215 846 641 1000 418 708 747 111 626 995 829 409 596 698 399 
489 722 542 278 783 289 221 509 646 619 530 616 436 360 487 632 247 285 488 173 370 340 460 834 490 274 604 500 710 529 327 204 225 813 226 357 636 573 288 564 310 293 650 492 539 152 481 466 481 267 521 519 527 440 310 563 563 303 596 139 382 713 294 245 450 176 420 668 180 265 683 270 147 147 92 392 253 0 703 592 408 216 298 350 411 169 595 484 746 379 510 512 275 559 741 703 382 460 463 215 
613 520 173 529 287 442 917 839 483 244 254 172 1021 380 367 557 950 922 270 599 658 723 914 496 582 969 337 519 38 1033 820 881 928 427 928 804 118 1049 781 1028 899 433 442 880 679 809 954 582 351 715 548 932 814 868 393 516 1064 987 504 687 914 282 763 936 967 656 821 103 777 509 506 687 659 750 612 335 936 703 0 565 925 871 932 827 660 854 429 855 348 691 281 191 901 1064 338 499 711 888 577 545 
126 963 435 665 395 376 787 342 112 702 327 638 636 577 225 937 784 621 602 419 260 852 1022 300 865 739 231 97 600 582 444 645 745 320 732 403 447 577 432 553 900 556 152 402 146 582 504 849 246 388 70 451 301 990 464 867 604 874 63 687 522 790 841 707 544 693 377 624 515 630 127 783 673 727 552 365 831 592 565 0 987 808 623 436 226 641 138 376 309 860 640 476 867 607 312 938 875 432 133 619 
893 676 808 399 1096 632 324 908 1023 740 842 778 749 549 840 561 379 595 656 571 778 206 80 1195 420 482 948 891 914 874 713 498 408 1161 428 751 903 924 681 921 116 511 1019 883 946 503 847 403 828 672 916 901 931 106 589 526 904 292 981 300 740 801 163 481 802 302 816 850 562 425 1062 240 317 262 435 705 281 408 925 987 0 232 607 736 819 469 964 879 1082 253 654 757 173 898 1075 669 234 844 864 404 
702 763 724 363 986 493 101 686 862 738 729 754 517 496 699 656 161 362 623 389 576 283 304 1049 501 257 814 717 870 641 487 265 181 1026 200 527 820 691 459 689 117 438 866 656 746 275 616 479 691 459 737 671 713 305 488 599 671 124 813 184 509 820 208 252 569 222 592 818 339 371 899 248 212 121 281 589 79 216 871 808 232 0 375 510 617 237 811 655 955 340 635 684 64 666 949 749 331 616 678 328 
498 1020 759 575 933 489 288 373 716 894 710 878 145 639 627 931 244 13 759 332 364 614 679 916 786 150 735 560 946 267 184 111 206 918 185 230 841 318 192 318 491 572 738 323 508 146 253 762 630 244 564 321 412 676 557 861 296 353 657 424 151 992 551 133 200 467 283 919 155 560 744 552 439 400 375 596 337 298 932 623 607 375 0 200 397 145 690 332 872 661 787 746 435 291 870 1001 661 276 495 511 
310 1017 654 589 779 405 446 180 536 841 584 809 207 604 484 945 417 202 706 274 189 690 799 734 817 341 580 386 848 212 23 264 376 744 357 32 723 243 64 228 625 545 563 146 311 235 143 794 492 119 383 169 215 785 498 871 246 525 476 488 91 941 642 315 140 522 86 835 175 564 561 619 493 490 387 497 496 350 827 436 736 510 200 0 212 280 520 145 708 726 740 656 575 245 708 995 731 110 316 522 
100 943 495 564 574 301 582 181 324 724 407 677 417 526 296 891 571 395 598 255 41 719 867 522 788 518 378 176 687 385 218 425 531 532 516 180 547 394 205 371 720 482 352 221 128 368 305 768 310 168 171 272 166 842 406 818 413 668 264 530 301 822 692 486 333 549 169 687 299 532 349 646 523 556 399 358 628 411 660 226 819 617 397 212 0 426 311 195 500 741 635 512 680 415 500 919 751 234 105 505 
522 888 687 445 899 419 165 460 717 786 656 780 291 528 592 795 144 132 654 267 386 468 538 916 647 115 707 562 864 407 258 36 104 906 91 302 776 456 238 452 354 460 732 424 552 59 379 623 591 258 574 435 491 532 465 727 438 247 662 282 272 881 406 82 333 327 366 828 127 434 751 408 300 255 258 528 215 169 854 641 469 237 145 280 426 0 679 425 849 516 678 664 300 433 845 870 515 382 508 384 
225 854 312 608 267 332 808 461 68 584 205 516 727 496 131 841 814 685 497 426 332 808 990 239 786 787 92 135 464 691 524 690 779 228 769 489 312 693 501 670 890 491 55 516 273 620 612 773 149 445 146 567 425 953 397 775 717 894 75 666 611 666 809 753 644 663 478 494 560 573 105 743 647 715 536 283 846 595 429 138 964 811 690 520 311 679 0 489 189 807 534 360 865 719 189 830 823 540 206 573 
264 1111 689 701 757 474 591 43 486 908 602 866 284 692 491 1048 561 337 778 376 201 821 939 673 929 480 566 358 881 206 167 408 520 696 501 128 743 203 198 180 769 639 522 26 231 379 131 907 505 223 343 78 88 924 576 974 228 669 430 621 187 1007 779 456 180 651 64 880 317 672 503 749 622 629 507 547 641 484 855 376 879 655 332 145 195 425 489 0 677 853 814 703 719 231 678 1087 860 64 289 636 
413 846 313 698 90 461 965 647 197 563 242 487 915 562 259 858 978 867 517 586 519 906 1096 150 837 960 142 324 386 880 711 863 945 87 937 678 255 880 686 856 1021 578 156 703 454 792 800 829 264 628 334 754 608 1055 493 802 905 1049 248 793 799 624 921 926 833 781 667 440 736 666 199 848 771 848 674 376 1000 746 348 309 1082 955 872 708 500 849 189 677 0 893 548 372 1004 907 10 823 912 728 395 679 
792 435 595 199 892 484 437 872 872 490 651 534 806 333 676 322 496 648 420 488 704 58 225 1022 171 581 772 763 676 907 704 553 506 977 521 730 685 951 663 943 283 318 859 865 857 523 860 152 660 630 794 895 883 177 410 276 941 455 840 240 761 548 133 566 828 204 790 608 559 233 911 109 233 262 347 527 418 379 691 860 253 340 661 726 741 516 807 853 893 0 412 540 322 937 885 425 20 836 755 241 
632 322 235 273 521 340 699 812 601 108 332 124 904 149 415 311 742 775 38 470 615 448 637 693 303 785 463 559 264 952 725 710 729 635 734 726 302 981 681 964 642 217 572 835 705 646 881 301 394 621 593 882 801 589 241 254 987 758 594 452 813 205 497 755 876 413 763 196 636 264 636 421 424 514 419 283 708 510 281 640 654 635 787 740 635 678 534 814 548 412 0 178 654 985 538 298 432 828 590 310 
488 494 59 358 355 258 727 694 427 226 155 166 843 209 251 490 759 736 145 414 502 562 756 516 466 778 286 404 200 867 647 691 737 459 737 636 146 888 605 869 720 251 395 727 560 620 790 459 231 541 437 777 675 712 202 430 900 799 425 502 740 317 594 746 797 475 662 178 591 333 460 517 475 564 421 159 747 512 191 476 757 684 746 656 512 664 360 703 372 540 178 0 718 899 363 470 560 729 448 363 
763 755 761 381 1031 542 151 751 918 754 774 776 575 522 750 644 207 423 646 448 639 264 249 1103 490 309 864 775 898 702 552 327 234 1076 255 592 858 752 523 751 57 468 920 721 809 339 679 469 741 523 796 735 777 257 527 592 731 136 870 217 572 831 188 308 631 245 657 842 404 394 956 245 243 156 330 633 111 275 901 867 173 64 435 575 680 300 865 719 1004 322 654 718 0 726 998 743 310 680 738 356 
494 1257 894 821 986 650 578 266 718 1087 816 1054 155 848 709 1179 530 303 952 517 408 893 970 903 1045 429 792 586 1088 32 259 401 495 927 474 262 956 43 304 63 782 787 753 205 462 414 110 1021 720 364 573 157 310 965 744 1107 6 637 661 696 179 1187 836 420 111 735 246 1078 381 798 734 827 706 682 615 740 626 559 1064 607 898 666 291 245 415 433 719 231 907 937 985 899 726 0 909 1235 938 180 515 754 
414 836 304 690 84 456 960 649 201 553 234 477 915 553 255 848 974 865 508 581 519 898 1088 160 828 957 138 324 377 881 710 860 942 96 934 678 245 882 685 858 1015 570 160 705 456 789 801 820 259 626 335 756 611 1047 486 792 906 1044 251 787 799 614 913 923 833 774 667 430 733 658 204 841 764 842 668 369 995 741 338 312 1075 949 870 708 500 845 189 678 10 885 538 363 998 909 0 813 904 729 395 671 
925 24 523 425 779 618 838 1091 897 260 626 336 1133 395 713 111 892 987 336 721 895 482 619 972 253 960 755 856 465 1203 978 906 892 908 902 987 567 1238 932 1223 708 450 865 1106 999 854 1138 274 692 879 890 1150 1085 573 513 150 1238 871 892 596 1058 228 555 937 1124 550 1032 395 863 441 930 501 573 645 627 578 829 703 499 938 669 749 1001 995 919 870 830 1087 823 425 298 470 743 1235 813 0 441 1093 884 489 
804 450 615 216 912 499 430 880 888 510 669 555 805 352 692 337 489 647 441 498 714 48 204 1039 188 576 789 778 696 909 709 551 501 995 516 736 705 954 668 946 269 335 875 871 868 524 863 170 677 637 808 901 892 157 427 293 943 445 855 243 763 567 123 562 830 209 797 629 562 250 927 111 238 260 355 544 409 382 711 875 234 331 661 731 751 515 823 860 912 20 432 560 310 938 904 441 0 841 768 255 
315 1115 719 694 806 488 546 106 542 926 638 887 220 699 530 1047 512 283 793 373 230 800 908 731 922 426 612 406 913 151 132 361 472 752 452 107 778 161 172 140 732 642 575 47 290 341 72 900 542 215 394 59 152 894 587 973 179 621 484 598 127 1026 753 405 117 632 67 907 284 667 560 729 603 600 494 570 596 460 888 432 844 616 276 110 234 382 540 64 728 836 828 729 680 180 729 1093 841 0 335 628 
41 908 421 566 471 281 654 266 220 669 323 614 522 500 209 868 650 492 552 293 131 742 904 420 779 607 277 71 607 487 321 512 612 427 599 285 461 491 304 468 773 468 247 315 115 449 407 761 226 256 68 367 236 875 382 796 514 741 161 566 406 764 724 574 438 577 272 616 382 532 248 670 555 602 431 306 698 463 577 133 864 678 495 316 105 508 206 289 395 755 590 448 738 515 395 884 768 335 0 514 
551 509 409 67 692 244 388 649 636 416 438 427 644 168 444 425 433 498 296 260 470 235 419 797 294 483 548 522 542 722 503 419 422 759 429 520 505 761 458 749 357 112 626 650 617 364 664 272 430 414 552 687 655 380 185 353 757 449 601 143 575 506 241 456 643 111 575 489 376 50 675 170 115 206 139 302 399 215 545 619 404 328 511 522 505 384 573 636 679 241 310 363 356 754 671 489 255 628 514 0 
